ident

torus
210 450 -5 5 15

torus
210 390 -5 6 20

torus
210 330 -5 8 30

ident

rotate 
x 90

move 
400 250 -300

apply

box 
30 330 0 20 330 20

box 
440 330 0 20 330 20

box 
50 290 0 30 30 10
box 
50 260 0 30 30 10
box 
50 230 0 30 30 10
box 
50 200 0 30 30 10

box 
80 290 0 30 30 10
box 
80 260 0 30 30 10
box 
80 230 0 30 30 10
box 
80 200 0 30 30 10

box 
110 290 0 30 30 10
box 
110 260 0 30 30 10
box 
110 230 0 30 30 10
box 
110 200 0 30 30 10

box 
140 290 0 30 30 10
box 
140 260 0 30 30 10
box 
140 230 0 30 30 10
box 
140 200 0 30 30 10

box 
170 290 0 30 30 10
box 
170 260 0 30 30 10
box 
170 230 0 30 30 10
box 
170 200 0 30 30 10

box 
200 290 0 30 30 10
box 
200 260 0 30 30 10
box 
200 230 0 30 30 10
box 
200 200 0 30 30 10

box 
230 290 0 30 30 10
box 
230 260 0 30 30 10
box 
230 230 0 30 30 10
box 
230 200 0 30 30 10

box 
260 290 0 30 30 10
box 
260 260 0 30 30 10
box 
260 230 0 30 30 10
box 
260 200 0 30 30 10

box 
290 290 0 30 30 10
box 
290 260 0 30 30 10
box 
290 230 0 30 30 10
box 
290 200 0 30 30 10

box 
320 290 0 30 30 10
box 
320 260 0 30 30 10
box 
320 230 0 30 30 10
box 
320 200 0 30 30 10

box 
350 290 0 30 30 10
box 
350 260 0 30 30 10
box 
350 230 0 30 30 10
box 
350 200 0 30 30 10

box 
380 290 0 30 30 10
box 
380 260 0 30 30 10
box 
380 230 0 30 30 10
box 
380 200 0 30 30 10

box 
410 290 0 30 30 10
box 
410 260 0 30 30 10
box 
410 230 0 30 30 10
box 
410 200 0 30 30 10

sphere
200 430 -250 30

ident

rotate 
y 320
rotate
x 345

apply

save 
spike.ppm